453	117	301	179	155	438	454	474	492	128	71	239	212	404	1
100	142	1	225	416	132	306	323	345	360	429	490	258	17	423	211	443	449	1
451	280	57	342	264	262	198	204	421	429	84	27	311	373	386	410	326	152	35	175	1
450	193	2
457	29	2
104	256	375	441	470	479	189	188	76	34	302	114	460	192	135	1
107	97	486	463	461	448	61	167	44	298	259	278	232	239	419	14	301	296	240	249	220	487	1
106	274	479	455	50	25	316	169	13	10	445	295	113	208	200	201	221	424	426	423	483	60	306	261	365	368	179	20	461	465	431	410	1
109	198	2
108	101	147	148	400	242	221	317	114	119	179	174	177	292	473	54	56	258	183	188	1
459	147	74	263	268	402	228	92	429	409	462	339	154	487	351	127	252	259	49	1
458	7	427	494	144	304	302	169	50	72	454	85	258	275	330	484	370	420	429	483	326	224	1
174	136	2
175	82	500	215	373	151	451	222	257	1
176	49	2
177	26	266	269	108	101	127	300	182	97	52	397	274	339	152	194	400	48	221	1
170	231	10	276	198	176	114	440	26	49	48	327	344	283	227	205	185	60	164	490	146	497	32	317	314	431	1
171	36	213	13	230	496	156	360	388	469	461	263	403	243	428	426	422	2	208	209	12	29	478	287	192	190	136	132	357	425	294	277	1
172	278	36	30	291	188	97	94	359	233	339	435	165	163	66	65	422	426	159	155	237	1
173	278	394	98	6	193	222	26	403	369	365	133	302	212	293	185	188	330	377	373	357	297	1
178	101	435	188	90	273	449	54	323	403	346	64	231	480	461	267	417	1
179	292	2
40	158	2
101	214	323	2
452	234	201	213	497	258	356	1	5	437	337	26	421	103	47	309	20	263	488	345	71	53	35	32	461	222	1
47	434	410	35	472	184	452	215	122	239	495	497	102	291	361	246	464	467	469	445	221	484	1	112	134	335	1
103	213	2
310	232	218	427	443	97	489	34	326	152	381	475	493	64	60	449	334	1
311	481	241	27	155	134	137	429	278	32	220	16	101	451	454	342	474	289	403	269	1
102	164	15	56	55	50	234	397	376	118	134	36	414	47	210	382	65	63	340	290	495	185	95	1
314	228	2
315	240	246	247	477	416	222	97	96	40	419	349	347	480	489	360	467	83	316	330	1
316	217	212	4	344	313	95	498	113	25	286	454	382	194	16	335	315	317	105	106	80	296	444	447	161	428	423	1
317	419	265	227	223	170	108	340	3	490	256	286	316	1
251	257	2
105	74	2
253	295	252	24	5	284	137	12	1
252	279	2
255	148	331	2
254	124	266	240	207	489	237	159	217	298	1
257	251	2
256	241	242	206	198	38	340	491	301	169	292	104	258	448	317	1	1
133	469	2
98	173	174	365	249	460	39	72	335	166	500	289	1
455	356	307	287	415	106	80	228	27	246	355	1
94	397	404	402	351	278	271	149	31	33	38	201	450	4	415	197	208	246	264	112	172	240	460	440	1
95	174	99	113	384	116	258	210	187	27	29	44	48	140	89	102	316	467	446	442	198	428	408	1
96	252	292	387	174	481	16	38	445	447	50	300	309	463	325	345	365	369	2	332	315	279	1
454	395	2
90	121	87	195	198	178	354	273	398	30	14	53	416	397	418	478	182	492	109	246	224	1
91	154	2
92	12	263	476	2
93	276	350	355	275	194	334	132	36	15	37	99	403	481	464	40	238	1
136	174	2
425	226	233	12	259	271	294	449	45	197	221	110	111	171	342	386	383	1
99	95	93	179	438	416	382	274	217	181	295	89	166	224	201	55	241	306	1
228	314	2
229	445	61	2
224	211	296	222	227	58	30	99	199	198	385	386	387	480	90	121	263	242	458	109	379	6	187	182	1
225	318	100	378	145	184	418	410	32	17	339	131	150	443	1
226	469	120	460	422	425	406	233	289	487	1
227	151	280	2
220	342	2
221	319	56	36	108	106	470	165	269	488	243	249	177	404	400	425	41	47	114	24	1
222	421	403	144	444	97	315	17	4	133	136	437	419	478	109	450	175	173	360	349	283	137	48	192	240	248	452	224	1
223	424	278	131	362	153	339	317	353	191	1
389	473	287	454	153	439	64	290	123	5	44	428	395	169	257	270	1
388	188	283	289	17	245	58	470	414	417	129	230	64	376	153	117	356	171	482	1
383	42	2
382	316	111	370	65	179	248	492	497	99	91	183	303	123	122	129	78	102	369	58	385	289	286	243	1
381	48	41	345	310	444	449	131	409	400	174	176	271	483	392	189	187	350	38	334	13	499	1
380	160	2
387	118	2
386	202	201	146	467	283	367	368	24	451	1	7	329	387	456	85	217	473	76	496	495	379	373	17	425	181	224	1
385	9	122	20	303	48	41	427	88	196	194	382	224	282	39	13	119	373	392	1
384	304	439	446	80	89	259	482	174	199	406	437	95	101	1
138	5	101	164	140	206	234	214	79	448	117	308	500	116	240	242	201	65	1
139	408	157	361	426	13	114	112	461	360	294	423	231	217	493	392	42	45	148	313	450	488	240	383	179	57	1
428	280	2
429	263	38	275	78	459	458	451	185	339	218	100	311	268	23	466	220	151	282	342	329	304	307	1
422	25	66	348	89	362	360	226	167	411	318	415	330	339	188	398	496	120	257	172	171	1
423	490	494	148	240	201	387	5	1	442	27	139	488	444	440	449	190	277	258	230	316	125	120	333	106	100	1
132	342	243	75	205	208	93	482	112	379	287	237	357	278	272	276	82	141	100	171	1
421	281	8	84	456	451	452	206	222	418	367	365	362	41	48	345	328	303	308	186	437	441	13	36	75	332	481	1
426	277	71	30	3	2	197	295	139	306	172	171	150	287	296	492	359	106	17	377	1
135	303	2
424	184	278	119	349	223	397	444	106	240	1
137	341	246	46	291	222	157	150	368	130	253	330	311	127	1
420	449	186	409	92	274	31	11	280	135	130	458	193	86	243	1
58	497	479	478	457	380	382	388	242	467	224	143	397	166	1
59	329	2
50	305	65	158	406	277	212	309	106	330	102	458	70	72	410	412	55	130	495	96	144	197	342	324	1
52	415	2
53	133	130	134	353	379	391	158	452	22	347	270	412	497	328	348	90	280	12	59	202	488	1
54	342	2
55	478	212	80	41	44	278	488	356	428	400	464	461	286	92	99	248	245	50	102	329	144	154	169	166	342	340	416	414	1
56	44	2
57	367	321	20	217	192	451	139	472	335	35	281	1
260	33	2
188	75	422	211	391	339	104	108	357	165	148	290	388	283	4	135	118	114	172	173	178	480	278	38	444	445	1
262	466	2
263	289	92	2
264	451	281	373	496	192	299	460	94	74	201	412	1
265	338	2
266	395	73	406	463	442	332	254	189	213	497	9	36	177	1
267	261	323	134	178	346	68	20	230	326	338	334	142	54	358	13	398	1
268	54	183	199	228	263	469	460	429	162	25	24	126	105	205	299	359	376	77	215	459	259	415	431	150	1	5	1
180	89	124	466	481	208	353	288	119	32	73	56	473	192	1
183	25	290	2
182	255	495	87	218	239	230	439	434	146	414	492	109	121	120	14	30	242	70	90	440	447	198	224	177	288	284	344	328	133	307	1
185	26	2
184	380	91	239	272	271	270	192	411	42	47	119	436	225	202	207	25	463	424	163	444	449	146	469	1
187	116	2
186	273	334	351	286	110	136	484	174	200	420	421	243	401	383	260	21	8	300	292	97	70	1
349	141	2
348	201	202	191	117	24	415	412	445	270	53	372	422	163	1
347	482	488	176	229	335	21	406	65	144	315	53	216	450	273	251	194	78	153	1
346	168	2
345	497	2
344	257	316	182	187	498	230	436	358	339	105	313	242	146	248	240	469	495	428	408	170	329	1
343	431	251	471	211	333	309	324	328	1
342	54	220	2
341	128	75	35	411	192	156	179	355	115	137	238	431	239	321	1
340	470	162	275	278	339	91	317	55	16	154	380	256	445	442	325	342	102	22	20	490	1
130	296	485	232	406	420	69	465	248	308	229	201	203	439	50	53	137	75	398	17	355	150	1
500	412	2
468	334	252	183	494	213	232	152	227	23	401	1
469	133	2
466	262	2
467	228	359	95	315	36	342	14	136	376	58	174	470	270	406	212	498	229	89	109	206	47	168	165	386	148	1
464	419	165	322	220	7	55	93	404	411	275	47	476	498	86	1
465	20	2
462	218	77	12	19	279	92	427	357	287	149	200	207	189	459	1
463	259	269	25	86	410	435	490	88	227	266	286	184	367	362	280	304	441	325	461	486	107	96	383	38	239	1
460	226	94	402	408	198	87	374	268	4	80	98	104	241	264	299	1
461	89	3
131	381	211	473	477	278	495	259	251	252	223	294	150	339	392	404	225	163	446	146	89	486	245	240	345	285	367	305	1
484	20	186	458	351	47	187	248	326	325	472	483	74	71	7	91	334	1
485	297	78	2
486	199	208	377	72	313	107	116	127	465	463	187	402	239	252	19	442	309	41	22	131	152	1
487	149	2
480	161	167	315	275	199	296	290	466	489	349	308	178	43	155	224	209	419	188	1
481	402	493	299	417	149	311	122	330	456	195	282	398	93	96	180	77	59	326	207	19	158	155	369	421	301	306	325	328	46	1
482	487	81	328	466	379	376	351	359	276	185	215	71	59	388	384	157	153	110	116	114	347	342	132	1
483	350	2
488	330	3
489	345	232	231	293	176	310	315	152	155	254	480	33	287	419	85	327	469	1
167	301	329	324	39	346	26	67	89	200	422	289	436	367	140	480	107	185	201	79	278	438	1
166	7	2
165	38	2
164	498	397	170	30	3	275	152	239	115	138	319	85	49	488	369	102	327	324	499	1
163	233	2
162	278	67	119	411	319	125	124	128	330	476	220	92	268	262	263	383	12	340	445	110	325	401	205	1
161	80	480	339	316	375	298	114	437	412	76	155	142	1
160	380	2
169	39	196	208	229	44	280	134	313	60	276	84	458	216	106	120	324	325	322	309	301	395	15	342	78	428	256	55	389	406	248	1
168	346	2
14	467	390	182	406	232	239	91	90	181	416	107	121	1
15	157	61	154	234	391	376	375	118	169	93	287	282	17	430	73	141	478	101	102	361	368	490	183	447	49	1
16	146	461	311	272	258	419	316	117	340	19	32	220	447	96	1
17	202	2
10	330	106	377	21	457	170	362	194	39	1
11	198	420	274	325	92	111	456	183	239	439	435	322	479	1
12	92	2
13	249	461	2
19	299	2
134	409	169	47	203	267	185	142	498	121	105	102	271	311	82	54	53	77	239	255	387	87	112	307	303	74	1
303	135	2
302	295	121	104	163	34	458	477	229	56	206	435	133	306	173	360	66	400	1
301	24	335	107	481	169	167	395	233	230	239	274	322	256	498	493	114	478	453	159	414	1
300	399	177	1	357	331	322	199	96	387	8	349	255	186	290	461	274	24	1
307	182	181	185	455	457	478	492	191	81	404	429	446	134	133	174	415	1
306	27	144	149	313	435	431	100	106	472	99	201	206	89	85	481	159	426	309	302	69	445	321	320	323	465	295	294	72	492	59	36	1
305	400	447	52	50	166	290	355	255	279	187	237	493	430	380	46	415	158	67	56	48	155	131	246	245	192	190	197	360	483	488	97	111	396	1
304	435	439	384	471	479	65	458	454	213	272	275	276	295	86	145	429	409	404	463	395	443	35	34	194	269	263	286	1
309	144	208	2
308	198	199	227	421	326	345	118	117	138	64	491	246	476	474	130	230	374	376	351	17	392	97	480	1
8	332	2
9	249	266	446	287	329	413	385	454	293	124	392	440	206	1
6	367	224	165	403	298	411	196	173	1
7	166	2
4	334	2
5	271	270	142	452	450	233	42	285	60	83	124	128	478	249	127	483	268	269	260	263	138	193	442	33	423	20	287	243	500	389	253	1
2	114	277	174	171	442	426	96	466	448	287	1
3	49	2
1	256	278	431	77	409	35	258	386	192	423	402	268	47	45	300	452	28	100	125	322	142	1
116	187	2
441	346	332	118	119	378	375	294	231	71	129	104	61	280	463	421	227	1
442	342	340	91	465	153	210	95	486	397	249	60	46	43	423	438	200	285	2	5	243	497	266	1
417	129	2
443	110	225	304	65	495	377	17	100	310	1
416	270	99	315	478	207	240	166	449	100	90	55	36	14	1
112	39	472	94	435	493	132	134	139	417	26	47	45	292	1
147	63	61	228	108	203	406	238	33	399	432	359	475	459	1
113	179	345	368	404	393	95	293	126	106	125	20	417	316	89	1
414	288	2
110	292	434	342	243	260	262	269	377	313	482	487	121	125	443	92	162	425	75	186	234	1
239	66	3
238	341	8	147	332	339	313	483	194	75	157	93	283	111	1
237	305	172	174	321	132	244	123	355	146	65	66	254	234	217	190	1
413	322	124	127	52	331	439	230	217	279	271	259	500	9	44	1
234	187	376	237	356	488	72	15	32	110	118	138	452	290	471	102	1
233	163	411	2
232	387	130	325	326	323	489	158	152	280	468	408	362	62	310	107	350	245	14	1
231	8	494	119	118	139	54	151	170	414	13	209	92	75	330	489	469	142	146	441	401	408	89	233	178	63	257	48	1
140	211	91	92	95	412	431	154	332	138	270	167	44	85	83	400	465	121	383	59	33	12	1
411	233	2
142	134	330	5	1	89	231	241	100	127	324	267	161	437	52	1
435	247	25	228	205	206	454	178	499	472	120	353	325	374	145	141	339	332	392	395	11	195	295	463	361	112	302	304	306	172	88	1
434	497	393	293	47	475	182	262	156	75	179	292	110	239	1
437	228	421	142	161	379	358	183	500	350	384	452	77	265	197	222	1
436	42	199	500	240	263	287	89	157	411	419	454	56	219	184	39	295	487	339	333	318	344	372	350	167	400	461	469	485	488	211	1
431	341	183	1	97	219	214	278	265	296	170	114	461	25	409	268	343	60	66	205	306	23	163	140	283	106	450	13	36	1
430	217	15	73	78	305	297	378	149	263	477	227	4	62	46	81	327	447	190	1
432	292	19	370	114	350	135	70	92	249	470	88	263	220	229	147	417	25	129	499	65	61	1
439	384	130	67	69	304	409	408	346	427	360	389	229	146	182	393	11	92	479	413	263	218	88	259	1
438	303	324	167	380	442	149	285	408	485	372	295	46	332	335	351	99	155	453	33	76	1
282	404	429	287	136	481	40	61	157	151	490	360	15	385	77	1
283	376	491	456	188	478	474	222	419	431	91	386	170	457	287	446	29	23	388	238	64	60	398	83	319	103	1
129	417	2
128	355	5	453	288	28	26	162	341	401	19	394	179	119	1
286	293	2
287	246	2
284	288	448	253	182	86	414	487	383	392	403	1
285	24	392	398	82	208	245	324	131	136	487	97	46	5	438	442	77	257	477	294	298	330	1
123	237	389	382	174	428	288	419	397	215	260	143	291	1
122	47	201	335	354	376	156	472	52	481	303	360	385	382	402	21	1
121	224	21	198	326	302	116	110	163	134	30	216	14	90	370	68	67	109	45	182	330	140	1
289	263	156	2
127	269	2
126	4	220	448	469	268	87	82	288	327	70	199	176	97	271	113	295	63	334	1
125	490	162	299	479	423	38	409	263	269	440	204	113	110	1	194	339	337	327	359	1
124	324	162	254	180	413	275	330	333	152	200	209	318	32	198	296	9	5	500	87	1
205	49	114	485	176	170	198	265	268	132	379	101	127	163	162	435	431	1
69	321	306	309	439	130	42	445	393	313	296	378	1
68	43	121	246	261	19	195	76	267	440	255	474	1
65	50	497	102	432	216	237	138	28	382	304	172	360	347	269	443	229	35	196	1
64	332	109	310	403	283	308	153	178	488	417	388	389	456	491	219	346	277	1
67	330	216	2
66	239	3
61	229	2
60	310	283	243	249	207	431	5	169	17	106	324	189	442	89	170	26	1
63	265	244	147	126	102	275	25	330	338	40	66	84	398	498	231	277	36	19	408	369	288	1
62	295	35	496	77	456	396	430	200	325	118	115	116	362	360	369	197	466	86	232	1
273	174	178	151	406	347	127	90	186	21	22	136	1
272	404	2
271	413	94	255	133	134	353	233	24	184	457	320	323	67	360	48	105	126	381	245	244	242	265	260	263	202	5	4	374	289	425	144	401	469	190	449	445	74	1
270	245	389	240	342	348	500	129	66	184	23	467	258	416	412	278	140	473	374	355	5	287	53	488	153	158	206	192	1
277	194	338	2
276	499	2
275	36	2
274	154	152	301	300	11	177	92	99	414	354	101	106	420	1
279	252	2
278	1	188	183	228	223	270	107	101	311	55	162	167	409	131	17	446	35	97	94	191	245	424	168	431	132	151	369	172	173	340	417	473	477	399	219	1
189	207	2
378	39	30	430	225	210	286	441	333	330	279	215	69	470	321	337	369	163	418	248	1
379	53	205	3	287	482	485	155	224	246	400	386	265	269	132	129	143	217	437	275	1
261	68	192	86	427	495	314	319	76	72	267	415	106	469	446	1
372	33	2
373	351	145	414	204	264	386	385	175	173	342	292	451	496	400	40	1
370	445	318	313	121	485	432	412	78	70	326	458	19	382	77	1
376	419	15	118	308	467	482	268	102	243	246	283	446	122	109	479	474	415	35	388	357	8	234	1
377	10	293	59	160	330	324	309	110	173	176	486	443	365	426	1
374	245	2
375	461	2
181	37	2
269	127	397	156	2
230	495	2
479	181	70	288	125	353	106	376	166	439	58	59	397	104	303	11	37	34	117	111	304	327	87	260	1
478	44	498	290	416	419	493	339	3	5	283	181	183	222	90	208	55	58	13	15	171	303	301	307	119	440	114	445	80	461	1
471	304	323	101	29	20	280	286	103	412	474	500	25	330	333	337	33	234	179	197	383	343	13	1
470	286	340	467	187	39	76	325	104	359	378	174	179	24	432	136	116	499	397	88	221	258	388	1
473	89	2
472	36	2
475	136	350	399	143	147	31	310	70	88	434	1
474	68	308	103	448	288	283	269	246	192	311	333	337	376	399	453	471	1
477	278	445	189	28	315	430	83	208	285	302	131	1
476	73	92	198	2
497	345	2
496	171	422	62	373	146	135	3	35	264	12	386	1
495	230	2
494	281	408	392	468	240	320	412	458	454	231	423	257	1
493	483	19	481	245	329	321	97	120	478	310	335	183	395	85	25	276	45	67	299	139	112	305	301	427	1
492	382	133	307	306	153	8	445	90	259	426	116	103	314	129	67	453	182	289	241	246	220	1
491	256	308	283	64	240	194	209	287	163	428	1
490	100	125	463	423	402	230	393	258	15	317	157	170	340	282	287	289	133	80	87	269	73	417	146	229	1
499	447	276	2
498	428	316	344	114	327	134	301	303	89	249	30	275	478	457	164	101	13	37	72	241	63	464	467	1
456	199	338	2
259	294	73	86	487	131	252	447	404	425	448	384	4	463	345	362	492	268	107	220	144	413	439	459	395	357	1
258	242	452	16	117	174	458	470	92	95	490	1	281	409	423	144	325	469	427	84	101	100	108	217	270	256	1
152	310	274	124	489	187	232	401	191	127	468	101	164	23	177	242	486	415	451	115	356	176	1
153	73	2
150	24	61	44	299	303	268	225	426	335	156	487	359	118	251	131	130	135	137	1
313	280	2
156	269	289	2
409	408	134	304	117	294	230	214	279	278	393	1	168	420	125	439	431	415	281	258	459	381	1
154	91	2
155	212	246	453	233	52	438	379	161	331	339	311	129	391	489	480	481	427	46	172	85	305	275	1
404	272	158	2
158	404	40	2
159	294	48	306	301	85	172	450	456	254	1
400	41	204	2
401	46	208	84	8	186	162	322	325	468	23	152	97	231	271	198	128	111	119	1
402	1	276	45	21	490	499	454	189	459	144	361	245	94	460	333	332	122	486	481	356	1
403	222	6	3	46	64	204	499	361	346	97	93	311	178	173	171	469	284	281	1
29	457	2
28	44	2
21	326	174	136	335	10	78	276	273	186	59	287	121	122	347	4	402	499	1
20	465	211	2
23	468	35	145	281	321	91	283	260	83	401	206	202	431	152	318	196	129	270	429	1
22	473	273	53	486	54	340	191	454	89	1
25	183	2
24	322	2
27	160	397	303	71	451	311	294	95	306	323	423	428	44	455	1
26	185	2
318	370	330	334	296	297	422	35	32	124	362	225	495	209	66	436	23	395	1
319	207	261	247	283	46	44	49	164	162	3	255	292	221	157	1
338	277	456	265	2
339	495	429	436	161	125	127	469	422	188	238	390	49	331	155	172	177	131	478	17	208	435	33	38	225	223	54	380	459	367	344	340	1
337	418	206	245	185	125	79	36	471	3	295	378	414	54	452	474	495	1
334	4	2
335	400	263	301	347	47	105	122	21	493	149	438	395	4	98	57	136	135	483	150	316	176	209	1
332	8	2
333	46	350	357	359	399	25	474	471	39	378	124	343	369	436	449	144	402	423	56	1
330	488	3
331	406	255	2
97	240	2
43	246	495	442	440	68	480	397	1
320	166	260	428	206	203	200	321	292	275	271	418	219	494	72	306	326	328	1
323	101	2
208	309	2
209	45	171	247	476	263	202	206	190	324	491	78	290	124	183	87	231	330	335	485	480	314	318	1
202	358	17	2
203	12	118	380	147	461	485	134	130	291	290	320	1
200	106	456	124	146	167	368	62	320	462	440	442	153	49	218	396	186	70	1
201	185	452	418	354	168	167	218	106	122	79	45	66	264	80	89	204	206	195	229	423	483	348	176	130	138	306	387	386	94	99	277	1
206	435	337	295	244	270	302	256	239	138	88	211	9	242	421	448	446	467	398	345	342	306	320	23	45	33	201	202	209	1
207	189	2
204	400	46	2
324	142	50	277	195	377	174	438	330	97	220	209	60	242	285	166	343	167	164	160	169	328	87	85	89	466	124	1
151	227	2
327	33	392	2
408	409	294	460	344	139	115	88	383	63	240	248	229	410	438	439	3	494	105	374	95	251	231	232	216	1
326	451	458	310	370	54	280	281	118	481	484	158	204	245	246	267	325	320	121	308	362	365	483	21	499	232	398	7	276	1
157	415	2
406	331	2
440	38	39	170	68	361	478	200	446	263	94	182	423	398	397	141	120	125	9	43	1
117	388	345	342	348	16	153	409	138	308	447	465	215	214	258	358	417	67	453	479	281	1
114	2	498	431	432	478	321	301	170	368	361	33	139	240	260	197	196	205	221	482	81	241	397	161	61	500	141	165	104	108	375	290	120	350	188	1
115	194	192	7	408	118	152	341	86	62	187	360	164	1
444	34	119	423	445	381	488	424	342	48	327	286	109	222	184	188	391	316	298	1
445	229	2
446	440	332	89	376	358	131	398	278	9	307	30	384	95	174	261	206	283	1
111	280	238	153	360	345	305	479	11	382	425	156	401	133	488	48	1
448	328	2	206	284	126	97	107	474	355	215	138	259	256	251	88	1
449	495	184	428	202	416	148	87	310	178	271	334	425	423	420	210	381	333	100	357	287	1
118	387	2
119	163	108	128	444	441	424	401	162	184	208	151	158	345	497	478	385	38	180	231	230	375	1
299	19	2
298	415	48	254	107	161	143	285	240	444	485	6	330	80	176	454	1
295	106	337	426	253	62	302	194	304	306	240	99	206	414	56	438	436	435	76	77	126	1
294	425	233	392	259	36	144	313	159	27	285	306	249	86	84	176	171	40	404	408	409	26	131	139	309	441	1
297	485	2
296	97	4	213	431	414	393	334	224	107	380	313	316	69	124	318	390	80	198	426	74	465	130	480	34	36	1
291	172	151	137	330	194	203	123	129	47	1
290	183	2
293	286	2
292	179	2
280	428	227	313	2
281	216	214	117	158	409	40	118	403	247	240	476	264	265	57	149	144	73	74	326	494	61	92	36	258	421	23	1
72	41	45	320	327	306	486	98	331	400	261	33	37	39	393	50	146	330	498	351	86	458	234	26	1
73	153	476	2
70	37	370	313	330	488	272	393	215	88	299	485	367	116	328	78	200	432	186	181	182	479	475	50	406	126	276	1
71	447	2
76	181	279	367	386	470	83	68	438	261	372	104	295	387	161	1
77	1	168	295	462	252	255	239	437	397	370	25	358	134	481	62	282	247	285	268	202	143	1
74	105	2
75	262	265	188	434	8	287	133	132	130	110	67	341	445	231	238	421	500	38	35	355	165	1
78	485	2
79	488	2
288	414	2
120	182	144	141	169	469	440	422	423	245	44	48	226	114	342	329	493	435	1
365	393	106	101	330	34	96	98	173	326	421	377	1
367	57	483	33	325	495	131	454	386	6	265	67	321	327	181	339	338	463	167	421	70	76	1
361	214	2
360	118	111	78	115	56	192	190	233	271	62	392	396	415	315	330	86	100	65	282	287	439	222	262	422	171	345	122	362	139	302	305	1
248	330	2
362	421	422	360	259	391	280	191	223	62	66	325	345	88	86	417	473	326	232	73	17	10	463	330	318	375	1
246	287	2
247	281	136	349	158	46	288	392	292	315	319	48	40	355	77	374	414	209	435	1
244	488	206	194	237	246	271	83	84	487	63	1
245	374	2
242	269	38	224	206	182	181	456	256	101	108	271	258	230	174	500	495	196	344	138	369	176	324	152	58	1
243	420	442	132	382	5	7	292	110	376	56	472	183	186	60	221	260	249	171	1
240	97	2
241	311	127	142	32	460	447	445	99	196	114	309	154	80	499	498	492	256	103	1
89	461	3
88	448	408	206	70	463	385	25	174	345	362	499	439	432	435	475	470	393	390	229	1
87	324	490	134	449	156	460	174	182	330	124	126	219	73	59	34	479	209	90	1
86	249	485	261	404	463	259	420	360	362	72	118	115	284	304	464	62	185	183	383	294	1
85	493	140	499	458	419	386	159	155	489	447	306	324	345	24	207	164	228	181	1
84	176	8	294	258	244	350	214	63	451	169	280	309	245	401	342	421	1
83	412	477	183	140	5	244	23	227	49	283	195	315	350	136	76	1
82	285	126	54	73	144	127	163	185	398	89	327	233	255	118	279	136	175	191	134	132	1
81	157	25	482	307	342	321	181	288	415	430	454	114	1
80	428	161	145	103	460	55	384	189	272	356	298	296	316	156	455	136	478	476	490	255	59	228	35	204	201	241	1
398	82	63	397	29	422	440	446	481	130	206	326	325	90	267	414	290	457	283	285	1
399	278	147	333	103	427	475	474	286	181	151	300	1
427	103	261	385	97	346	155	462	78	39	499	493	399	258	7	144	310	439	286	458	1
390	14	296	246	392	396	88	359	339	1
391	199	53	15	17	188	444	233	155	362	1
392	327	2
393	174	113	358	409	411	70	72	34	37	387	269	127	69	148	490	165	365	434	439	472	88	89	296	1
394	185	26	128	61	179	354	277	173	156	288	369	1
395	454	2
396	252	390	456	360	196	192	305	200	62	1
397	269	2
198	476	109	2
212	173	342	55	52	50	59	453	144	316	61	467	89	155	400	158	1
219	166	64	66	87	320	436	431	357	392	215	275	255	278	202	1
218	79	483	368	462	429	299	310	103	168	182	78	200	201	439	1
149	487	2
148	255	2
419	376	107	480	103	489	123	181	400	317	32	346	16	322	478	283	436	411	196	464	222	89	85	315	260	1
418	378	337	194	54	73	263	269	201	225	320	44	66	277	421	90	153	1
145	225	129	59	435	373	80	23	304	1
144	309	2
415	52	157	2
146	344	322	131	303	48	170	386	272	255	297	490	495	496	16	182	184	231	237	439	72	357	395	91	200	8	1
141	349	2
412	500	2
143	77	379	338	210	58	66	298	475	181	123	246	1
410	47	286	408	74	387	210	35	50	59	165	106	105	451	461	463	225	1
38	165	2
39	369	2
36	275	472	2
37	181	2
34	79	78	479	104	310	365	279	272	275	393	249	87	444	296	304	302	1
35	192	269	80	62	65	47	341	20	23	75	304	323	228	472	278	496	57	376	410	318	331	8	1	451	452	476	1
32	318	452	151	170	419	54	227	225	16	12	241	355	311	124	180	234	1
33	260	372	327	2
30	353	359	182	378	214	279	411	172	158	446	361	198	466	224	498	262	90	426	164	121	129	109	1
31	56	94	135	345	488	361	193	25	24	4	472	420	217	44	500	280	475	1
447	499	71	2
249	13	2
329	59	2
328	260	70	359	53	149	327	456	182	324	320	343	481	482	445	448	197	421	215	1
49	3	176	2
48	247	222	13	79	381	385	305	95	111	177	170	159	8	444	271	353	354	231	421	41	298	120	374	146	144	1
321	23	166	163	69	356	378	493	237	233	276	91	57	114	116	306	320	341	367	81	1
42	383	2
41	400	2
322	24	2
325	454	470	392	398	62	356	484	481	326	258	162	118	232	401	463	78	96	91	340	362	367	11	160	169	435	1
46	204	2
45	197	2
44	56	28	2
369	39	2
368	289	338	386	199	15	137	114	113	106	218	200	1
215	328	70	123	268	165	279	357	350	359	378	47	482	117	175	219	153	448	469	1
214	361	101	2
217	430	57	413	99	454	254	386	31	33	316	379	353	258	139	237	92	1
216	67	2
211	20	2
210	297	412	411	410	95	102	163	449	442	143	56	248	229	485	330	378	1
213	103	2
199	456	2
196	33	114	151	154	157	197	192	385	65	280	23	241	242	169	411	419	6	8	450	71	396	313	1
197	45	2
194	277	2
195	481	201	68	52	324	8	66	168	435	472	457	90	83	1
192	35	57	79	357	495	270	474	171	190	196	115	305	341	500	360	488	222	220	261	264	184	180	396	20	129	1	104	109	1
193	450	2
190	360	192	305	423	171	233	237	271	332	430	209	7	1
191	223	362	348	118	327	136	307	22	152	82	278	375	141	358	163	109	127	349	1
358	202	2
359	482	193	197	333	136	358	172	174	390	150	470	92	30	215	303	323	328	125	147	469	467	263	268	404	89	426	40	1
354	122	90	277	56	74	309	245	394	208	201	48	144	216	274	239	1
355	239	2
356	234	455	497	388	402	325	452	321	152	80	289	33	245	17	79	55	345	1
357	219	188	259	300	333	376	146	334	469	449	192	262	118	322	132	133	173	171	215	462	1
350	483	2
351	308	127	334	94	168	373	459	186	229	485	482	484	438	447	276	216	72	1
353	262	30	53	435	223	499	277	271	260	181	180	48	392	3	358	217	479	1
