474	5
189	5
188	5
263	10
69	5
265	5
266	5
65	5
180	5
182	5
185	5
60	5
101	5
452	5
450	5
457	10
456	5
109	10
108	10
343	5
340	5
72	5
70	5
77	5
79	10
271	5
276	5
275	10
279	10
378	5
500	5
464	5
465	5
374	5
170	10
171	5
172	5
264	5
178	5
179	5
68	10
484	5
487	5
481	5
488	5
249	5
246	10
493	5
369	5
368	5
241	5
89	5
470	10
473	5
472	10
82	5
81	5
80	5
166	5
165	5
161	10
16	10
494	5
10	5
12	5
19	5
259	5
130	5
313	5
317	5
255	10
132	5
257	5
311	5
416	5
398	5
156	10
157	10
390	5
393	5
394	5
395	5
397	5
28	5
20	10
22	5
27	10
302	5
306	10
304	5
309	5
308	5
404	5
228	5
229	5
191	5
219	5
384	5
388	5
148	20
419	5
418	15
7	5
380	5
141	5
412	5
142	5
39	15
36	5
445	5
32	15
114	5
30	5
338	10
339	5
333	20
331	10
414	5
140	10
233	5
3	5
138	5
139	10
429	5
422	10
423	5
420	5
410	5
134	5
136	5
328	10
64	5
321	10
323	5
325	5
327	5
44	5
152	5
437	5
436	5
203	5
201	5
439	5
56	5
243	5
282	5
283	5
128	5
286	10
122	10
288	5
289	5
126	5
5	10
59	5
217	10
216	5
211	5
196	5
197	5
194	5
53	5
54	15
193	5
190	5
57	10
116	5
442	10
358	5
359	5
350	5
86	5
296	10
291	5
