474	75
189	115
188	125
263	350
69	50
265	150
266	160
65	240
180	165
182	500
185	500
60	90
101	85
452	275
450	100
457	250
456	150
109	160
108	350
343	200
340	200
72	625
70	65
77	245
79	320
271	135
276	375
275	230
279	220
378	75
500	100
464	210
465	225
374	85
170	160
171	90
172	75
264	110
178	475
179	215
68	120
484	60
487	50
481	55
488	65
249	350
246	500
493	45
369	100
368	110
241	120
89	150
470	400
473	125
472	850
82	250
81	500
80	100
166	200
165	85
161	150
16	600
494	150
10	395
12	300
19	210
259	245
130	110
313	245
317	140
255	750
132	50
257	300
311	140
416	105
398	275
156	360
157	240
390	290
393	300
394	500
395	170
397	100
28	200
20	290
22	145
27	500
302	60
306	150
304	120
309	160
308	60
404	130
228	95
229	110
191	300
219	240
384	300
388	95
148	800
419	165
418	1125
7	925
380	245
141	250
412	110
142	195
39	570
36	180
445	90
32	375
114	125
30	90
338	1250
339	490
333	240
331	440
414	115
140	490
233	75
3	365
138	100
139	320
429	285
422	180
423	200
420	375
410	225
134	70
136	55
328	190
64	225
321	460
323	215
325	225
327	325
44	225
152	240
437	225
436	175
203	400
201	240
439	195
56	250
243	175
282	125
283	85
128	190
286	280
122	610
288	290
289	300
126	100
5	480
59	50
217	400
216	240
211	250
196	425
197	350
194	150
53	400
54	330
193	425
190	160
57	220
116	85
442	250
358	110
359	115
350	250
86	225
296	120
291	130
